0.379964296519756	-0.422320123109966
-0.398645055247471	-0.413158869603649
-0.402890817867592	0.242916591279209
-0.595879693701863	0.0714790033176541
-0.379906144645065	-0.806291743926704
0.207463472988457	-0.384173336718231
-0.626674960553646	0.233807873865589
-0.745085627725348	-0.49212449034676
-0.133512551803142	-0.484360543638468
-0.626170060969889	0.197656913334504
-0.0482692363206297	-0.635278313886374
0.290924934763461	-0.606993564404547
-0.238539337739348	0.344512808369473
0.356925269961357	-0.449102933006361
-0.874199808621779	0.0433331277221441
-0.00551437661051751	-0.876794545026496
-0.334645493375137	-0.767290332354605
-0.246129930857569	-0.808555308543146
-0.0124068367294967	0.0210360888857394
-0.613683504750952	-0.43765096347779
-0.959874004032463	-0.180626603029668
-0.192592682875693	-0.113702776795253
-0.0424505028873682	-0.0499107959214598
-0.17302238792181	-0.529870704188943
-0.376791035523638	-0.0240998985245824
-0.961845903564244	-0.430542989075184
-0.404595176829025	-0.67317358632572
-0.976320232404396	-0.138841873127967
-0.147462719259784	-0.778886017948389
-0.627864831406623	0.0891987638548016
-0.00949854487553242	-0.515898768603802
-0.213389179203659	-0.197915054019541
-0.662938758684322	-0.630989870335907
-0.32115808990784	-0.392743818648159
0.0635040908120573	-0.198390575544909
-0.177358027966693	0.379523648461327
-0.0440758112818003	0.320426539611071
-0.781358027365059	-0.459410274028778
-0.926394381187856	-0.250393085228279
-0.155737138539553	0.144791007786989
0.0069403124973178	-0.534857296058908
-0.791591489547864	-0.0368624622002244
0.227783733932301	-0.457151952851564
-0.637390966154635	-0.805986730987206
-0.753677487932146	-0.506836764281616
0.097425769874826	0.126947416551411
-0.551175986556336	-0.79008489488624
-0.480015169363469	-0.663332539470866
0.147986489254981	-0.295007584476843
0.333983173687011	-0.373434600094333
0.103186766803265	-0.634918635990471
0.279800776345655	-0.122458980651572
-0.728720808262005	0.194643135974184
-0.893647853145376	-0.222614548960701
-0.606695547606796	-0.269391551939771
-0.965927287656814	-0.30571752358228
-0.707119062636048	0.00156386867165564
0.0597997229080647	-0.222766127577051
-0.831196617335081	0.11109341387637
-0.603691812511533	-0.758368944190443
-0.208263826882467	-0.16506274221465
-0.160726246517152	0.25533240865916
-0.219516424136236	-0.37313339766115
-0.312766927015036	-0.987078112177551
-0.60225548078306	-0.491242650197819
-0.591366084106266	-0.90927874725312
0.0778295739088207	-0.332190874405205
-0.732564373733476	-0.191325138974935
-0.823005176475271	0.129543525585905
-0.141458351584151	0.350307399360463
-0.799530914798379	-0.351742485817522
-0.883009534934535	-0.214885978354141
0.160844257567078	-0.623387360339984
-0.18173312516883	0.309922323841602
0.0976465901825577	0.0806459484621883
0.0736259602475911	-0.382622597226873
-0.256132519710809	-0.850096867512911
-0.832068738248199	0.103474079631269
0.0853430380113423	-0.669846868282184
-0.133270983304828	0.0277450882829726
0.0787767099682242	0.0926847023889422
-0.666758820926771	0.0604317630175501
-0.699412738997489	-0.15753202685155
0.0336881944909692	-0.595595341268927
-0.277745240507647	0.149814097722992
-0.0713457476347685	-0.63471101000905
-0.647764644864947	-0.511635619774461
-0.569746019039303	-0.0302607163321227
-0.0596569940913469	-0.522252464201301
-0.748560405289754	-0.629647195897996
0.359858825895935	-0.303819896979257
-0.252490318147466	0.361438137991354
-0.175211476534605	-0.225322566274554
0.19800542993471	-0.33388777077198
-0.246157959103584	-0.824344423413277
0.29664864805527	-0.0676603726111352
-0.304539543529972	-0.925472985114902
-0.555275558726862	-0.64000981990248
-0.269353707972914	-0.126624444266781
-0.687484137061983	-0.608162758778781
-0.699334956426173	0.161060483101755
0.0308794976677745	-0.873815876478329
-0.650525893224403	-0.0982395697385073
-0.164927362650633	-0.766646471526474
-0.56700876057148	-0.79210788779892
0.0825527897104621	-0.332118471851572
-0.239036557311192	-0.916745856171474
-0.509397106058896	0.273206630954519
-0.450547886453569	-0.914092644955963
0.178021303890273	-0.220911581860855
-0.414069572789594	-0.700207959394902
-0.287983127962798	-0.547326570376754
-0.268193674134091	-0.661172094196081
-0.267676039831713	0.255372135713696
-0.684665259113535	-0.705032292474061
-0.404667685646564	-0.239032570458949
-0.262537964852527	-0.429358713049442
-0.0393072439357638	0.193460225407034
0.0247905530501157	-0.696339346608147
-0.162886034324765	0.302861069375649
0.00540965818800032	-0.0250360105186701
-0.415340978372842	-0.977556719211861
-0.575350106880069	-0.267734134243801
-0.847031290410087	0.104685799777508
-0.634223950374871	0.0800184803083539
0.171844221837819	-0.189425640041009
-0.697043397137895	-0.305919730104506
-0.144712462695315	0.37937909597531
0.345919219311327	-0.175022410228848
-0.400888884114102	-0.318134445976466
-0.604137091850862	0.0821416686754673
-0.0948218422010541	-0.00934801422990861
-0.161441401299089	-0.931786227412522
-0.169858508883044	-0.105335182324052
-0.677192707592621	-0.630735664907843
0.114641298400238	-0.129778723046184
-0.127438354725018	0.109231599187478
-0.731639448134229	0.0186777544673532
-0.498406985215843	-0.454857714474201
-0.246833585016429	0.354232372762635
-0.535472252452746	-0.0454817965161055
-0.570647662086412	0.0871867584995925
-0.108253060746938	-0.48857749113813
-0.526988305523992	-0.959185536159202
-0.387540630949661	-0.405107909953222
0.241466996120289	-0.219596024276689
0.027532103471458	0.308036567177623
0.0441235561389476	-0.893669638875872
-0.366895655868575	0.115233176294714
-0.415457928972319	-0.483186127664521
-0.563757210224867	-0.755569714307785
-0.239961492689326	-0.27000689720735
-0.0314467101823538	-0.544272781396285
0.172985412087291	-0.395115201035514
-0.0893292636610568	-0.875936639681459
-0.784472569637001	-0.334131303848699
-0.622628051927313	0.129047646699473
-0.701812605652958	-0.544388392288238
0.33763410714455	-0.0792573421727866
0.163238554494455	-0.0452176775783301
-0.36797534734942	-0.214419097779319
0.22603831407614	-0.0414171802811324
-0.188282184675336	-0.688832530193031
-0.152160568302497	-0.184755502082407
-0.208213223749772	-0.624952223151922
-0.0626288581639528	-0.0857813837006688
-0.0207647807430476	-0.884301044605672
0.235360608575866	-0.677432113979012
-0.274422919703647	-0.248421427235007
-0.522731451690197	-0.240479064406827
-0.481026572594419	-0.0961906660348177
-0.215176426293328	-0.302173399692401
-0.136259886110201	0.285050985496491
-0.620664090570062	-0.37617091066204
-0.931634387373924	-0.34859193181619
-0.464113941509277	-0.166027303598821
-0.241321408608928	-0.926868784660474
-0.30132743306458	0.0104090822394937
0.128180914605036	0.166829471336678
-0.0470538125839084	-0.914071170846
-0.695844670524821	-0.728272116091102
-0.378756010299548	-0.986645571468398
0.166169882798567	0.098047371674329
-0.164592134905979	0.229801691044122
-0.658370677754283	-0.304548277053982
-0.763366834260523	-0.00178819266147912
-0.43046752018854	-0.927922803955153
-0.538344009732827	-0.77193329478614
0.141113770427182	-0.361017799610272
-0.523719422426075	-0.451671336172149
-0.4433135564439	-0.174454003944993
0.074158325465396	-0.592939366213977
-0.792963942326605	-0.541151760611683
0.0936107323504984	-0.536217672564089
0.267128644231707	-0.559556494373828
-0.937654529046267	-0.555570939136669
0.258926586108282	-0.603241374157369
-0.0341827629134059	-0.29164094706066
-0.695503949327394	0.140085515240207
-0.0611270398367196	-0.280942191416398
0.0783795261289924	-0.191248479345813
-0.216006435407326	-0.356969891255721
-0.594247997738421	0.317431716667488
-0.967256410513073	-0.249018150568008
-0.0315443285740912	-0.654180780937895
-0.350764790736139	-0.152622204786167
-0.13665746729821	0.254216525191441
-0.126822320371866	-0.532233815593645
-0.644548052083701	-0.190488170552999
-0.493276151502505	-0.217235390841961
-0.379486611159518	0.234718326712027
0.281132018612698	-0.471493028057739
-0.230683264136314	0.0242014328017831
-0.207907777931541	0.210461630206555
-0.45955178658478	-0.894081016117707
-0.687648799829185	-0.472889584489167
-0.430891509912908	-0.732453102385625
0.242622039793059	-0.061098847957328
-0.714043898694217	-0.574472605297342
0.148698597261682	-0.185076201660559
-0.0181766946334392	-0.524963893042877
-0.443299167463556	0.257518901629373
-0.266527160117403	-0.302104202657938
-0.971623092982918	-0.393919856939465
-0.67556266230531	-0.135830839071423
-0.133189518656582	-0.0881007280666381
-0.767469700938091	-0.799595068534836
-0.340795061876997	0.147875552345067
-0.728114277683198	-0.165816307161003
-0.521940627554431	-0.815400387672707
-0.312141869682819	-0.930592621350661
-0.350231333868578	-0.903889357158914
-0.0872673846781254	-0.426592392055318
-0.785417224140838	-0.592642559064552
-0.168721697945148	-0.582318924134597
-0.424833312723786	-0.924792939797044
-0.881704169558361	-0.605343927117065
-0.0551872506272048	0.15755481957458
0.270941585488617	-0.674316569697112
-0.5426374649629	0.110550881223753
-0.415881689544767	-0.887723249895498
-0.50463691400364	-0.404463277570903
-0.17460537427105	-0.914927232870832
0.0786825894843787	0.0987949327100068
-0.475343759823591	0.221685371594503
-0.255839922046289	-0.416923387767747
-0.492482987930998	-0.536836084816605
-0.500471771787852	-0.514558496838436
-0.725973261753097	-0.164338225126266
-0.917878340929747	-0.616435594204813
-0.0736621192190796	0.0213426100555807
-0.590659236814827	0.12267722627148
0.335888883518055	-0.0527597146108747
-0.133709278889	-0.565068351989612
-0.654259731108323	-0.590326002659276
-0.393598454259336	-0.946054708398879
-0.715026006335393	-0.650372908404097
0.381551108369604	-0.178898611757904
-0.528434593789279	-0.475003160210326
-0.629600650351495	-0.102257921406999
-0.0891173049807548	-0.0654176741838455
-0.362929634936154	-0.643543333048001
-0.759604336414486	-0.372385026607662
-0.781170776346698	0.195538357226178
-0.910987736517563	-0.599262411193922
-0.80620031687431	0.150892279669642
-0.351976369088516	0.10771542773582
-0.753004449186847	-0.608825027709827
-0.0148417026735843	0.184920666925609
0.383191060321406	-0.162838083226234
0.145255601406097	-0.715255028195679
-0.201537719974294	0.296081409370527
-0.3992058317177	-0.740038281911984
0.145759941637516	-0.704232077021152
-0.333062933385372	-0.344666996225715
0.191591891460121	-0.43674186761491
0.232009902596474	0.0348520616535097
-0.705671903723851	-0.853901683492586
-0.21126269469969	-0.151957295881584
0.0507156137377023	-0.479890225827694
-0.0543624921236187	-0.301627825805917
-0.0437921554315835	-0.803144886996597
-0.41770558594726	-0.0673815859947354
-0.363918285956606	0.127642794186249
-0.38632538029924	-0.649923953181133
-0.406439615739509	-0.29667999711819
-0.372571036685258	-0.0980104461777955
-0.21699807648547	0.0381053640507161
-0.364415115024894	-0.682693875906989
-0.382459923811257	0.120840080128983
-0.45734992348589	-0.576522620534524
-0.319575138762593	-0.199919272447005
-0.363777421740815	-0.758682171069086
0.352641893178225	-0.219225519197062
-0.444451796403155	-0.723565491475165
0.146030660020187	0.21795599157922
-0.212475201068446	0.0562605803832412
-0.723161487514153	-0.0524082610849291
0.0882446417585015	0.109215032448992
-0.47031806348823	-0.694328331854194
-0.327226213971153	0.210838800901547
0.291951980954036	-0.109843324869871
0.0379296922124922	0.0922188313212245
-0.814360291231424	-0.143514331616461
-0.243058492289856	-0.359362182859331
-0.393175562703982	-0.174403346050531
-0.405814165296033	-0.311745219770819
-0.219965252885595	0.292085697129369
-0.955827005440369	-0.180359030840918
-0.650262608099729	-0.172244133241475
-0.123795437021181	-0.894688554899767
0.355243903119117	-0.459487454220653
-0.72173359724693	0.21245558145456
-0.642763461265713	-0.265805692737922
-0.176858369540423	0.152522758161649
-0.589198270766065	-0.827822498744354
-0.399266831763089	-0.385268175695091
-0.858527348376811	-0.149675438227132
-0.305620891554281	0.0131809338461608
0.252304310770705	-0.692089336365461
-0.592701298231259	0.243745467672125
0.161557472543791	0.170626543741673
-0.146894130436704	-0.417616875795647
-0.276085966126993	0.28631952945143
-0.432822099840268	-0.651626309752464
-0.681144169066101	-0.361315409932286
-0.456916182907298	-0.328742317622527
-0.110177434235811	-0.346333822188899
-0.646309125982225	-0.894966420019045
-0.634680528240278	0.0372178351972252
-0.435214769560844	-0.491224963124841
-0.973438082123175	-0.359830832434818
-0.217967755813152	-0.62084464142099
-0.101231987727806	-0.752460277918726
-0.225071001797915	-0.0709926760289818
-0.513005590997636	-0.57682220293209
-0.394804114103317	-0.253300367901102
-0.197868357226253	-0.934290637867525
-0.72510615545325	-0.0186241973657161
-0.891279024677351	-0.276083488808945
0.147383759403601	-0.281517440965399
-0.733727353625	-0.804582077311352
-0.580628128489479	-0.1368904535193
-0.477997707063332	0.0969785458408296
-0.300922745559365	-0.871603988390416
-0.379984884895384	0.315963884210214
0.150261243525892	-0.412523521622643
-0.130743885831907	-0.221336602279916
-0.0489290690049529	-0.692830088362098
-0.251282652653754	0.0967872316949069
-0.442465084465221	0.233946161996573
-0.843034612666816	-0.0443766355980187
-0.825555962324142	-0.463000720832497
-0.0589383580256254	-0.62768902038224
-0.0757891930639744	-0.524594565667212
0.147047061566263	0.223449827358127
-0.684211834939197	-0.777765672048554
-0.436958120856434	-0.0484366358723491
0.251637185318395	-0.646060380106792
-0.726145375380292	0.217808965034783
0.346389791090041	-0.271671160776168
0.0200595398899168	-0.873468726314604
-0.0399109624326229	-0.603705125488341
-0.0383944500237703	-0.606694193556905
-0.206887183850631	-0.840130378725007
-0.346164751099423	-0.313528248574585
-0.15232535363175	-0.268762945849448
-0.116410252684727	-0.833500937419012
0.0515680921263993	0.124702421715483
0.110056092683226	-0.519242858188227
0.197431902447715	-0.579968405002728
0.0265224115457386	-0.0866690409835428
0.123839299986139	-0.74014584152028
0.192603682912886	0.116915890667588
-0.616636595968157	-0.716946208802983
0.00166042409837247	0.212553329579532
0.322185332747176	-0.44074308113195
0.260528186894953	-0.718086307728663
-0.188645795965567	-0.439910808205605
0.143296406278387	-0.469477321067825
-0.480749653745443	-0.818671710928902
-0.277556656626984	0.0442783399485052
-0.728410252649337	-0.107997008739039
-0.715658896230161	-0.695112016098574
-0.646335853636265	0.163207821082324
0.0776880072429776	0.0337331747636199
-0.12981622768566	-0.00146337551996112
0.0343531089369207	0.238013640511781
0.151996436621994	-0.720148138469085
-0.792761212633923	-0.0560197403188795
-0.80668055312708	0.161070594470948
-0.223247882490978	-0.538241688348353
0.121766487229615	-0.503771604085341
-0.0967448525130749	-0.288729117205366
-0.359631518181413	-0.966249296301976
0.149166929675266	-0.407055320544168
-0.284908351209015	-0.313293825183064
-0.92340748696588	-0.274914221744984
0.0707570515573024	-0.448685168521479
-0.485367164341733	-0.200871657161042
0.0103310395497829	-0.195393560174853
-0.723904516361654	-0.674181193066761
-0.488986697793007	-0.722401653975248
-0.828663756838068	-0.0941992273088545
-0.296238631289452	-0.122938016382977
-0.463494288967922	-0.141531342174858
-0.409415766224265	-0.60615662173368
-0.175733503839001	-0.0096216268371791
-0.0237844221759588	-0.552551071811467
-0.694933163840324	-0.121428774576634
0.00656080236658452	0.115662061981857
-0.898100185301155	-0.0421427831519395
-0.254857538640499	0.0941460846923292
-0.380603550747037	0.133184713404626
-0.363577417423949	-0.190374923869967
0.0644509354606271	-0.0305193956010044
0.0380043334793299	-0.79005718184635
-0.904819843685254	-0.572664294485003
0.0255792721174657	-0.847846313379705
-0.589170780032873	0.148299223277718
-0.241564425686374	-0.754808395029977
-0.301718597346917	-0.72507021445781
0.0626666481141001	-0.202239367505535
-0.534292494272813	-0.0730961860157549
0.0890820036176592	0.209563951194286
0.0445776410400867	0.168125451914966
-0.123958705971017	-0.85496429190971
-0.719996899506077	0.191353024542332
-0.165048726787791	-0.986178580066189
-0.498483992973343	-0.478421112010255
-0.0695428918115795	0.325649303989485
-0.0413809732999653	-0.169808778353035
0.231102933641523	-0.363973560137674
0.0565603730268776	-0.832788552017882
-0.260985013702884	-0.628379162726924
-0.940886165667325	-0.0225563478190452
-0.531553127802908	-0.916748095536605
-0.0636382400989532	-0.741119514871389
-0.328665120480582	-0.0971962156239897
-0.303298061341047	-0.202943895244971
-0.639308556029573	0.00873715789057311
-0.241862917738035	0.266257920395583
0.0580084573477507	0.0218774838838726
-0.456794124795124	0.316636508982629
-0.236336217727512	-0.600981653947383
-0.730386451305822	-0.249790913425386
-0.304511299496517	-0.547115685744211
-0.419852574169636	0.35959001048468
0.0683297068811953	-0.831737187039107
-0.436398662580177	-0.885345355421305
0.00240043778903781	0.266206687502563
0.161182875977829	-0.171378935780376
-0.642261725477874	-0.558082547178492
0.0624617077410221	-0.504064402543008
-0.916255216486752	-0.29985438096337
-0.382530377432704	-0.0164999936241657
0.128210988920182	0.0175615968648344
-0.291224527498707	-0.0648201858159155
-0.577361928718165	-0.193750130850822
-0.0919727937784046	0.0864529289770871
-0.74985100585036	-0.703670602338389
-0.460490524535999	-0.933747424930334
-0.271204142319038	-0.975764162838459
-0.640671937912703	-0.900262962188572
-0.827641523815691	-0.102574527217075
-0.579972271900624	-0.345556545071304
-0.568015129631385	-0.303541878331453
-0.608189583243802	-0.55383452498354
-0.0495591761544347	0.282027103286237
-0.801432622456923	-0.00020008087158202
-0.96777750197798	-0.331540420977399
-0.886610166123137	-0.0644844534806907
-0.326662879670039	-0.539308731490746
0.175788898067549	-0.346946246176958
-0.148739115986973	-0.591158507019281
-0.921175608225167	-0.121148544270545
-0.172285763593391	0.104315676726401
-0.215846041450277	-0.862562026549131
0.328037153696641	-0.0247228142805397
-0.7343617325183	-0.581741621345282
-0.0560257999692112	-0.868087212787941
-0.0864599559921771	-0.00846008020453154
-0.0103932341560721	-0.813445939216763
-0.417057008761913	-0.305047812592238
-0.588288243953139	-0.431398897897452
-0.349837054684758	-0.0133539444301278
-0.709452906809747	0.217344021657482
-0.367840210627764	-0.557261468470096
-0.260117792990059	-0.668344632722437
-0.110525741893798	-0.139248912129551
-0.194014454819262	-0.728225747216493
-0.407500840770081	-0.959743368206546
-0.0550271663349122	-0.303972165985033
-0.364025709638372	0.0843372296076268
-0.145792503608391	0.269691563397646
-0.460626743454486	-0.363517750566825
-0.793404505960643	-0.118192292843014
-0.00944665516726673	-0.691363924182951
-0.0732165947556496	-0.5623918781057
0.0195028653368354	-0.344489500625059
-0.599494300875813	0.916260769497603
-0.449167933803983	0.690796515531838
-0.663731865677983	0.884495902899653
-0.125533015257679	0.856671172380447
-0.678141938056797	0.956654637493193
-0.445303718652576	0.952033898048103
-0.496825531916693	0.799488544091582
-0.948791536642239	0.725447196606547
-0.431512142717838	0.930736064817757
-0.163219579937868	0.804507362283766
-0.749649537354708	0.816719724051654
-0.361004126863554	0.618506482429802
-0.267834542156197	0.681495751440525
-0.544632644532248	0.608085182588547
-0.612989467568696	0.844446989800781
-0.586505688424222	0.620411727298051
-0.620658588572405	0.729307650029659
-0.689436241192743	0.837083298247308
-0.855939310486429	0.746665299031884
-0.767249616235495	0.688144552335143
-0.506735498155467	0.676818048767746
-0.924333284632303	0.758123189304024
-0.389689610269852	0.841425695642829
-0.334581783716567	0.834052462689579
-0.176401899848133	0.910358364228159
-0.454549530963413	0.765642316825688
-0.824738497147337	0.93002310525626
-0.758725672704168	0.901836839411408
-0.429616872244515	0.899673753604293
-0.764454068383202	0.923178737796843
-0.449284659768455	0.786963391490281
-0.698062763293274	0.641217869520187
-0.717027705186047	0.759300301317126
-0.921757882018574	0.821543820202351
-0.728406609175727	0.952360994927585
-0.393394908728078	0.800087341293693
-0.859449417889118	0.817747662216425
-0.763266858761199	0.693614264205098
-0.382398123550229	0.704108143411577
-0.453167327470146	0.937242807727307
-0.669046744983643	0.963664982933551
-0.242838151636533	0.887462539318949
-0.412856270931661	0.937171355262399
-0.529626827337779	0.9469965509139
-0.497184544964694	0.963512288872153
-0.661311050294898	0.671211093012244
-0.670562000921927	0.958147116564214
-0.838265293370932	0.851176722440869
-0.565284253959544	0.734407934267074
-0.291340065351687	0.928836758993566
-0.654163297289051	0.757352963276207
-0.786323783337139	0.953112416248769
-0.828205382218584	0.645592145994306
-0.655495995376259	0.635116576962173
-0.637048576492816	0.766156300716102
-0.798395420401357	0.944372871145606
-0.360511222970672	0.695227797236294
-0.258137923222967	0.848123022541404
-0.621259399619885	0.61500038113445
-0.533861538115889	0.604711486026645
-0.519917307398282	0.852997716329992
-0.530990036181174	0.646119506563991
-0.147486147959717	0.782570762000978
-0.633787522045896	0.795896297786385
-0.262912142742425	0.816263826936483
-0.891711561218836	0.791898461617529
-0.590621488913894	0.642467600945383
-0.219870586320758	0.932482060976326
-0.650431061489508	0.931545617990196
-0.472067549754866	0.71123455632478
-0.910073368810117	0.729384824074805
-0.151963743660599	0.730083664413542
-0.54535620729439	0.828864803910256
-0.579864043323323	0.682027624454349
-0.861070947349072	0.78959176754579
-0.600303251552396	0.808086623437703
-0.364617513353005	0.855296998657286
-0.17524614688009	0.865932866092771
-0.376384899066761	0.934010337106884
-0.413094634865411	0.848180241975933
-0.404260594025254	0.973594789300114
-0.91036494965665	0.855720976460725
-0.931011885753833	0.722248154506087
-0.782867764355615	0.727989456802607
-0.733013100526296	0.709312356542796
-0.841900411620736	0.678236232791096
-0.395667479257099	0.987021526880562
-0.567604740685783	0.808054808806628
-0.726714647840708	0.894522971194238
-0.523904077499174	0.673851758427918
-0.31876598529052	0.654718572553247
-0.510685072094202	0.823209501430392
-0.309265186893754	0.86196615928784
-0.38100679111667	0.806138960365206
-0.46708976754453	0.619470708910376
-0.361736857751384	0.691776423621923
-0.841855730419047	0.89483270989731
-0.993680983781815	0.833188723213971
-0.619497722852975	0.912527989037335
-0.868805521377362	0.793149068392813
-0.808633465017192	0.932967931777239
-0.474363183928654	0.702094654925168
-0.596534741809592	0.890838088095188
-0.2267473670654	0.830941053852439
-0.426395416841842	0.612149488925934
-0.149221159587614	0.728393788263202
-0.599066129582934	0.654791349265724
-0.811046996107325	0.751738918107003
-0.837515568803065	0.900232770945877
-0.763226256612688	0.855657561123371
-0.753749175439589	0.890555382706225
-0.695834810473025	0.766670518461615
-0.788263168185949	0.800379556138068
-0.35380783949513	0.707326676696539
-0.249806293030269	0.865475095622242
-0.904489186918363	0.734777330607176
-0.499622386088595	0.663872147165239
-0.599278667615727	0.604759355075657
-0.507036116998643	0.765263127163053
-0.391916312719695	0.710897795855999
-0.311891382373869	0.80522501654923
-0.415664828335866	0.930651683919132
-0.962971725896932	0.723570255935192
-0.466072734864429	0.856892082933337
-0.828467341628857	0.883688793890178
-0.352389094466344	0.806490670703352
-0.396531585999765	0.974758354853839
-0.942661742307246	0.764087839890272
-0.532272073626518	0.635581439826638
-0.284109224216081	0.863082971610129
-0.388152638287284	0.798859014548361
-0.36852249011863	0.837985763698816
-0.973271181783639	0.755453589744866
-0.617221156461164	0.890374896489084
-0.32673215738032	0.93007819512859
-0.638844629959203	0.685008503030986
-0.631725157913752	0.702835414838046
-0.915915745170787	0.763142959866673
-0.310450869961642	0.652036200277507
-0.557501470367424	0.77267577983439
-0.622789567592554	0.678618111927062
-0.550557255535387	0.969399832282215
-0.315805755462498	0.968078367691487
-0.443764017312788	0.793873295374215
-0.40405239299871	0.831639552209526
-0.157574205123819	0.775351802445948
-0.6100638828706	0.722835476603359
-0.403483725921251	0.725992557406426
-0.793337252805941	0.967393620684743
-0.349063688167371	0.847325016837567
0.524843172100373	0.975620316527784
0.658436155784875	0.930735749099404
0.754436198761687	0.723640284128487
0.806077082408592	0.926486853603274
0.685275826975703	0.885746113024652
0.243479807907715	0.887518341466785
0.625714362715371	0.766259076073766
0.671978879719973	0.971205171942711
0.687775316578336	0.818922673538327
0.9371873191325	0.72475192528218
0.805004072235897	0.894424459524453
0.914151152758859	0.891253954917193
0.197705109626986	0.783718597330153
0.37029316527769	0.699459652788937
0.707969514024444	0.735805469751358
0.188071415945888	0.722762767598033
0.503223354998045	0.649537230283022
0.125552040711045	0.737274544499815
0.405226403847337	0.953268726542592
0.87254158561118	0.738383805379272
0.391021894500591	0.920689238514751
0.728707593260333	0.861657385434955
0.567323285387829	0.724356064666063
0.968239110824652	0.844784091226757
0.910018390230835	0.694968554656953
0.245845471415669	0.923306746874005
0.726251733559184	0.874248444940895
0.26341213521082	0.698739831894636
0.557286426774226	0.984958834387362
0.426201231824234	0.670562291797251
0.300133597501554	0.760578685067594
0.466268426319584	0.991579560004175
0.518147507309914	0.719758660811931
0.243360566324554	0.846198298875243
0.795089219138026	0.696722100302577
0.660110721318051	0.816550337895751
0.502830438828096	0.765146444365382
0.823792341421358	0.643850971665233
0.801883604307659	0.781835005432367
0.359348977380432	0.76945588067174
0.271198932058178	0.772531887609512
0.652461356669664	0.761326741892844
0.523814371228218	0.722172249108553
0.358068347885273	0.879450360685587
0.468328022956848	0.846337737888098
0.269646640261635	0.707857428863645
0.594859531079419	0.796667800471187
0.961405149451457	0.798985213413835
0.544447693857364	0.806002496089786
0.322809006553143	0.92122755870223
0.699196424288675	0.971351464465261
0.723015899001621	0.77649203017354
0.472065364802256	0.806862352322787
0.226636238326319	0.764599382504821
0.799543091538362	0.638582284934819
0.931930880341679	0.870101313851774
0.422778128366917	0.772137827984989
0.15877464201767	0.733344621490687
0.249185242620297	0.700282998755574
0.871735748602077	0.892572314664722
0.202750528138131	0.690098634641618
0.56561731453985	0.906338616646826
0.17593691481743	0.875013319589198
0.815695386077277	0.806621371768415
0.944505335413851	0.81384702892974
0.641032270644792	0.748598156590015
0.314474770217203	0.963813217170537
0.644094333890826	0.742297462653369
0.675630249222741	0.933691447973251
0.740940086171031	0.808249606005847
0.543568978295662	0.720585885085166
0.584102134313434	0.758101737778634
0.787972356169485	0.766886629164219
0.65870062452741	0.838073314074427
0.477461808617227	0.987937792763114
0.662000221479684	0.755524299200624
0.981770174275152	0.838795823138207
0.678834021952935	0.755962124094367
0.427753838989884	0.6199253953062
0.277432492258959	0.650781233888119
0.353214662685059	0.712046259827912
0.864078199234791	0.695828677155077
0.52444365224801	0.857027869392186
0.239182226359844	0.786697051394731
0.618619662546553	0.900807758979499
0.858647656370886	0.740328522399068
0.23033357753884	0.698687722999603
0.662769621307962	0.811894823331386
0.437367903720588	0.75645940322429
0.309160321950912	0.928270476032048
0.816425469540991	0.792935842368752
0.186490619811229	0.82798078712076
0.466125210188329	0.939385825581849
0.164527051430196	0.812082662153989
0.48799697200302	0.725543510727584
0.939734510774724	0.873279302101582
0.802468597027473	0.75953025650233
0.831222710409202	0.829663155600429
0.811587199498899	0.647361798770726
0.448716277256608	0.712350189033896
0.379968804307282	0.652951640076935
0.474256840418093	0.750740159396082
0.271931493422017	0.672498538065702
0.431125446758233	0.947208092454821
0.534733224613592	0.649685669038445
0.81856262665242	0.840051665063947
0.35336687406525	0.678117442969233
0.166758326836862	0.847430970147252
0.23679387094453	0.698139298055321
0.692239792924374	0.965810808259994
0.543747207312845	0.739133674185723
0.608401936921291	0.75570885296911
0.468083218578249	0.935446040146053
0.811807101033628	0.765319894813001
0.409401128906757	0.943116994481534
0.84535758018028	0.859705405775458
0.171903001959436	0.762217560689896
0.395446305139922	0.925718865357339
0.271950756711885	0.852027015760541
0.212475557532162	0.789960867259651
0.432794582075439	0.950753363687545
0.200821909634396	0.801922961883247
0.700932621955872	0.980156209226698
0.438126265839674	0.672495274245739
0.59090251903981	0.917321689147502
0.898210290260613	0.769038950651884
0.88975236825645	0.92060310645029
0.752706474019215	0.832533257547766
0.617892383038998	0.72746891323477
0.175055562728085	0.864962372556329
0.4946549578337	0.899862215574831
0.652756602293812	0.863989085517824
0.745666407095268	0.688194876443595
0.566740921232849	0.936452315468341
0.474793205736205	0.892371452227235
0.149218362756074	0.751759880781174
0.572409726399928	0.780964049231261
0.743330157152377	0.64225499490276
0.161666793189943	0.861907200422138
0.580185916577466	0.772792886383832
0.770975412218831	0.779164041765034
0.841963988146745	0.67087161662057
0.263043693988584	0.766676844283938
0.678894239640795	0.943040249869227
0.994082568306476	0.791521984152496
0.260117065953091	0.802820277772844
0.585786775313318	0.759136636555195
0.257604613737203	0.798519086185843
0.442995152040385	0.916621449124068
0.484435966121964	0.882765039149672
0.854329309100285	-0.0508068538270891
0.886951715359464	0.0828264479525387
0.8977042643819	-0.0248428313527256
0.901081728003919	-0.0147170236799866
0.847416618978605	-0.0281070246361196
0.911877621291205	0.0887435784097761
0.882967967167497	-0.026222631894052
0.878880640864372	0.00466301031410694
0.937177791120484	-0.00858782613649964
0.947248694719747	-0.037572752032429
0.841330195590854	-0.0534045575652272
0.845505532622337	-0.0269262002781034
0.961623534746468	0.0763615648262203
0.959381485404447	0.0659687655512244
0.949841183843091	-0.0103031904436648
0.931484169187024	0.00946108372882009
0.840558997960761	-0.0128932124469429
0.964028228074312	0.0664445006288588
0.930387245910242	-0.0803147137630731
0.852560690743849	0.0179057636298239
0.831413602316752	0.00654677180573344
0.92783276475966	-0.0279420807491988
0.908626482915133	0.0401995959691703
0.950641590822488	-0.0416288062464446
0.85429852893576	0.0259973030537367
0.8535781764891	-0.075336617231369
0.844300820631906	0.0623091447167099
0.928365790145472	0.0782634137198329
0.84638270046562	-0.0717640637420118
0.978152044583112	-0.0383225775323808
0.90730257248506	-0.053851901460439
0.963558157719672	-0.0768174719531089
0.816977879125625	0.000930939754471183
0.890737410821021	-0.0190150700509548
0.955782517883927	0.0752172186039388
0.934026951855049	-0.0776201894972473
0.823415331402794	-0.031143816979602
0.866944799851626	-0.0293935944791883
0.868533650552854	0.0116745952051133
0.874223072174937	-0.0632606096100062
0.929899443592876	0.0723516082391143
0.850492413667962	-0.0395702466368675
0.904329507052898	0.0211565176490694
0.913711630320177	-0.0813609422184527
0.959095939062536	0.0534798406530172
0.904527056356892	0.0506259822752327
0.917025005631149	0.0150080883409828
0.905199433164671	0.0215855705086142
0.851017456222326	-0.0305614001583308
0.921750825131312	0.0747520894277841
0.830472396500409	-0.584299968695268
0.826712283911183	-0.590675173606724
0.911950361961499	-0.573996250377968
0.817093868274242	-0.617392884008586
0.893431528285146	-0.648173299711198
0.99728706642054	-0.601614893227816
0.879958913847804	-0.66100070704706
0.936529810912907	-0.678801870439202
0.927057316107675	-0.636462207557633
0.973716620262712	-0.601447422290221
0.959031783463433	-0.565865157730877
0.947176690632477	-0.613667215500027
0.910788446804509	-0.623606131598353
0.958122384920716	-0.57935215421021
0.903511445270851	-0.529516952112317
0.970733262831345	-0.664066765643656
0.899961817404255	-0.555727308290079
0.914951419271529	-0.588969771517441
0.934151820512488	-0.557490291306749
0.911479002004489	-0.521560478163883
0.8557403460145	-0.511766046890989
0.929498418560252	-0.561568338936195
0.886248691380024	-0.568628843966872
0.859513279143721	-0.576288854889572
0.967443760996684	-0.581142987404019
0.895460445992649	-0.551191712869331
0.892599068116397	-0.618542964057997
0.969445182010531	-0.558370305085555
0.938840342033655	-0.596947564836592
0.846324473805726	-0.520456339372322
0.980670343106613	-0.584327614773065
0.912723611900583	-0.613738633506
0.879889014968649	-0.521526868222281
0.884940089844167	-0.56035197628662
0.997735416190699	-0.612201793910936
0.815016215201467	-0.557247885828838
0.825745229562745	-0.589387508528307
0.951915007596836	-0.587272502202541
0.968756074365228	-0.619150818418711
0.866266177175567	-0.529431129898876
0.828207480208948	-0.591859830589965
0.882377647748217	-0.536232763715088
0.917885819356889	-0.579710431443527
0.853727216040716	-0.609067968325689
0.823031317163259	-0.55106902658008
0.935614050226286	-0.68874267921783
0.885457195760682	-0.575350916804746
0.894629867654294	-0.568658994417638
0.905182338412851	-0.578099623136222
0.84438374680467	-0.604075383068994
0.0815482200589031	0.8
-0.0559899947140366	0.8
-0.0424651213455945	0.8
-0.023876328766346	0.8
0.0491769390180707	0.8
0.0448696670122445	0.8
0.0500833973754198	0.8
-0.0743221068754792	0.8
0.0246840150095522	0.8
0.0699768717866391	0.8
0.0852709644008428	0.8
0.00151979560032486	0.8
-0.0982102673500776	0.8
-0.0508546956349164	0.8
-0.0701397686265409	0.8
-0.0667169495020062	0.8
-0.72938965447247	0.114060076419264
-0.961101851891726	0.386608411092311
0.0931747131980956	0.21212042029947
-0.750099731609225	0.278499871958047
-0.308431568555534	-0.823714167345315
0.181734106037766	-0.554702184163034
0.320535997394472	0.29928725073114
0.889728406444192	0.589951283764094
0.871505448594689	-0.587728977203369
-0.269354211632162	0.302380188368261
0.968995122238994	-0.19351337198168
0.0737964534200728	0.346292288508266
-0.452531279996037	0.99919806048274
0.481009056791663	0.11903915554285
0.879457614850253	0.954732542857528
0.742641338612884	-0.933581862132996
-0.0512286620214581	0.89864733396098
0.584581499453634	0.940664485096931
-0.830491319764405	-0.758059823419899
0.710170952603221	0.527757723350078
0.121190755628049	-0.63705714000389
-0.931766446679831	0.678227968513966
0.694716091733426	0.333859839010984
-0.531203749589622	-0.876196431927383
-0.150032520759851	0.584335708059371
0.309704068116844	0.66281180549413
0.394525272771716	-0.864069816190749
0.363303820136935	-0.626418977044523
0.571441244333982	-0.0308518679812551
0.25821977108717	-0.490495278965682
-0.882740680128336	-0.735905521549284
0.652982717379928	-0.503827813547105
-0.690196448471397	-0.0185546590946615
-0.37620781455189	-0.457867237273604
0.482316543813795	-0.0442037717439234
0.717787376139313	0.444447692949325
-0.889129588380456	-0.438429082278162
-0.786990214139223	0.312432420905679
0.575961279217154	0.430904644075781
-0.980268501676619	0.173588045407087
-0.722223890013993	0.478574506938457
-0.504764003213495	-0.428905060980469
-0.143226929008961	0.221930588129908
-0.082063555251807	0.0654028374701738
-0.0921872835606337	0.205250731669366
0.369314673822373	-0.846583602484316
0.842023231089115	-0.284129990264773
0.0539226732216775	-0.234332847874612
-0.859105605166405	0.23205847106874
0.395892316941172	0.186834562104195
-0.950728206429631	0.134993379469961
0.815928960684687	-0.399607049301267
-0.513056883588433	0.320268511306494
0.814152601640671	-0.269121179822832
-0.549285648856312	0.183917758520693
0.768142024055123	-0.998831095173955
0.687605559360236	-0.952628004364669
-0.372650261968374	-0.31464167451486
-0.937621701974422	-0.432951883412898
0.783514594193548	-0.455133555456996
0.0411581369116902	-0.0993198589421809
0.406560678500682	0.347004645038396
0.833963680546731	-0.706270374823362
0.594981004483998	0.101090727373958
0.455471086781472	0.730567940510809
0.204412427730858	0.175981703680009
0.445431406144053	0.283876254688948
0.0543102868832648	-0.82440645666793
-0.140498284716159	0.476986109279096
0.608366027940065	0.705753469374031
-0.432367045432329	-0.0701564676128328
-0.974244767334312	-0.679988149553537
-0.0247793379239738	-0.817000025883317
0.445997960399836	0.770432716235518
0.923863034695387	-0.477469370700419
0.824269702658057	-0.586383370216936
-0.345419408287853	-0.887773015070707
0.942029833327979	0.600555077660829
0.975755868945271	-0.537262999452651
-0.148763933684677	-0.916167269460857
0.581380374263972	0.112119918689132
-0.230162309482694	-0.0994478818029165
0.0317045152187347	-0.767935933079571
0.204616984352469	-0.686749635264277
0.842235235963017	0.316570613067597
0.378550499677658	-0.609379213768989
-0.44107600627467	-0.568871794268489
0.524051103275269	-0.254686843138188
0.265219911932945	-0.553877424448729
0.981140338350087	0.849878982175142
-0.176871871110052	0.731223390903324
0.749445331748575	-0.568308687768877
0.713832106906921	0.94619830744341
-0.39031100878492	-0.761169424746186
0.00349550228565931	0.116958341561258
0.179201672319323	0.463547376915812
0.0124022006057203	0.304386949632317
0.830834491644055	0.243156656157225
0.177322082221508	-0.614741973113269
0.266046332195401	-0.613189508207142
-0.517163665033877	-0.539365681353956
-0.909940765239298	0.364684449974447
-0.757448389194906	-0.572603207547218
-0.258701437618583	-0.499074333813041
0.918184736277908	0.23461422463879
-0.335336208809167	-0.0441851322539151
-0.562464719638228	-0.52864084392786
0.49099066387862	-0.107784842606634
0.612199306488037	-0.490383262746036
0.937965668737888	0.225754877086729
-0.131741815712303	-0.679537669755518
-0.770365170203149	-0.596191540360451
-0.996131503023207	0.891061134636402
0.363903898280114	-0.391191045287997
0.337586837355047	0.27823646273464
-0.395129345823079	0.0805902555584908
0.944481526967138	-0.171415194869041
0.617480160202831	-0.245651848614216
-0.266133695375174	-0.481811821460724
-0.897841729689389	0.849748888984323
-0.0633155419491231	-0.754924762994051
-0.354715899564326	0.887491094414145
-0.0577128371223807	-0.519059303682297
0.835397005546838	0.851833688560873
0.630460587330163	0.657233694102615
0.162110599689186	0.898249959107488
0.737953980453312	-0.796594718471169
-0.432093696668744	0.921073766425252
-0.154994926881045	0.90708441613242
0.850996825844049	-0.811904425732791
0.949955906718969	-0.465893037617207
-0.57760570384562	-0.813490270171314
0.628115873783827	0.17225272487849
-0.95271053025499	0.325670125428587
0.414157590363175	0.0405624904669821
0.439081284217536	-0.703945471439511
0.729455078952014	-0.772747098468244
-0.18920529121533	0.490133019629866
-0.0846675005741417	0.735676549840719
-0.575441743247211	0.335280238650739
-0.232734461314976	-0.599558915942907
0.0368425836786628	-0.396014190744609
-0.928854440804571	-0.706517029087991
-0.791530719492584	0.756234034430236
0.160824328195304	0.771799945272505
0.571202972438186	-0.839299560990185
0.908082492183894	-0.00201380020007491
0.0183331575244665	0.40841516898945
0.850820088759065	-0.188075022771955
-0.933897487353534	0.782135685440153
0.934912644792348	-0.17908074054867
-0.421418504789472	-0.210634246468544
0.134881340432912	0.37178563233465
0.0532946703024209	0.347443512640893
-0.561109811067581	0.329776453785598
0.367538593709469	0.125166268553585
0.683321919292212	0.247337489388883
-0.35216179350391	-0.3106928775087
-0.87094568926841	0.174398474395275
-0.688094108831137	-0.27565430989489
0.443527766503394	-0.538975223898888
0.359507786575705	0.87272244412452
0.961653431877494	-0.00804372411221266
-0.314947464037687	-0.778386747464538
0.944435465615243	-0.860930574126542
0.633870721329004	0.13413645233959
-0.761042534373701	-0.374776527285576
0.341655073221773	-0.0449393750168383
-0.128322396893054	-0.345434768125415
0.909268649760634	-0.647659575100988
-0.877325337845832	-0.527603893075138
0.337173906620592	-0.03831244725734
-0.509091805666685	-0.713314995635301
0.0578269488178194	0.797444218304008
0.873104842845351	-0.456616297829896
0.846198637038469	0.614577434491366
0.0846977424807847	0.278304523788393
-0.336312748026103	0.0552880452014506
-0.0274224416352808	0.566212059464306
-0.276720850728452	-0.875776510220021
-0.636401394382119	-0.196711012627929
0.296509481966496	0.106305713765323
-0.466145139653236	0.46699458733201
0.244828500784934	-0.0735837491229177
0.248675318434834	-0.520251796580851
0.0947524872608483	-0.0977538172155619
0.636608224827796	-0.45917301857844
0.0192468594759703	-0.928431418258697
-0.180269231554121	0.129591119475663
-0.604449391830713	0.0261515341699123
0.644181395880878	-0.75196768483147
-0.963257952127606	0.421056645456702
-0.863569142762572	-0.0665217936038971
-0.167639724444598	-0.369958101771772
-0.96770067512989	0.110418834257871
0.39778656931594	-0.970849208068103
0.296839998103678	-0.351842996198684
0.544094393029809	-0.19534499431029
0.136608114466071	-0.0476441965438426
0.0690117576159537	0.500697948969901
